Thema
Fragen im Test „Leben in Deutschland“
Zahl der Fragen
Verfassungsorgane
13,20,28,31,42,43,44,48,55,57,58,65,70,71,72,74,75,80,81,82,83,84,85,86,87,88,89,90,91,98,129
31
Verfassungsprinzipien
3,6,11,22,26,27,30,32,34,41,51,52,53,54,60,61,63,143,144,145,147,148
22
Föderalismus
24,25,37,38,39,49,64,67
8
Sozialsystem
23,35,36,45,97,99,100,285
8
Grundrechte
1,2,4,7,8,9,10,12,14,15,16,17,18,19,101,135,149,262,274,277,278,281,289
23
Wahlen und Beteiligung
5,62,93,94,107,108,109,110,112,113,114,115,116,117,119,120,121,122,123,124,125,126,127,128,130,132,133,134
28
Parteien
73,76,78,79,92,103
6
Aufgaben des Staates
46,47,68,77
4
Pflichten
95,105,106,248,249,260,282
7
Staatssymbole
21,29,40,214,216
5
Kommune
56,69,131,253,255,256,259,265,273
9
Recht und Alltag
96,102,104,111,136,137,138,139,140,141,142,146,150,241,242,243,245,246,247,251,252,254,258,263,266,267,268,272,275,276,279,280,283,286,287,290,291
37
Der Nationalsozialismus und seine Folgen
152,153,154,155,156,157,158,159,160,161,162,163,164,170,175,176,177,179,184,206,220,288
22
Wichtige Stationen nach 1945
50,151,165,166,167,168,169,171,172,174,178,180,181,183,185,186,187,188,189,190,193,199,202,203,207,208,209,210,211,212,215,217
32
Wiedervereinigung
191,192,194,195,196,197,198,200,201,204,205,218,219,228
14
Deutschland in Europa
173,213,221,222,223,224,225,226,227,229,230,231,232,233,234,235,236,237,238,239,240
21
Religiöse Vielfalt
33,59,66,182,292,294,295,296
8
Bildung
244,250,257,261,269,270,284
7
Migrationsgeschichte
297,298,299,300
4
Interkulturelles Zusammenleben
118,264,271,293
4